1715543639154 0.001 0
1715543929494 0.001 1
1715544234499 0.001 2
1715544535094 0.001 3
1715544836057 0.001 4
1715545134683 0.001 5
1715545436243 0.001 6
1715545738144 0.001 7
1715546038136 0.001 8
1715546340753 0.001 9
1715546641668 0.001 10
1715546937651 0.001 11
1715547240260 0.001 12
1715547540781 0.001 13
1715547843997 0.001 14
1715548148219 0.001 15
1715548446196 0.001 16
1715548743775 0.001 17
1715549042840 0.001 18
1715549347545 1e-05 19
1715549654141 1e-05 20
1715549960241 1e-05 21
1715550266738 1e-05 22
1715550571571 1.0000000000000001e-07 23
1715550892778 1.0000000000000001e-07 24
1715551195631 1.0000000000000001e-07 25
