1715543639158 60.53113553113553 0
1715543929499 64.1941391941392 1
1715544234504 69.96336996336996 2
1715544535099 75.18315018315019 3
1715544836062 76.73992673992674 4
1715545134689 78.84615384615384 5
1715545436249 77.74725274725274 6
1715545738148 79.57875457875458 7
1715546038142 80.31135531135531 8
1715546340758 80.86080586080585 9
1715546641671 80.49450549450549 10
1715546937656 82.14285714285714 11
1715547240265 82.32600732600733 12
1715547540786 84.15750915750915 13
1715547844003 82.14285714285714 14
1715548148224 81.77655677655677 15
1715548446201 83.6996336996337 16
1715548743779 83.24175824175825 17
1715549042845 83.24175824175825 18
1715549347551 84.7985347985348 19
1715549654146 87.82051282051282 20
1715549960244 88.55311355311355 21
1715550266743 88.55311355311355 22
1715550571576 88.46153846153847 23
1715550892783 89.1025641025641 24
1715551195637 89.01098901098901 25
