1715543639157 1.1339857978542356 0
1715543929498 1.1000704765319824 1
1715544234503 1.041278541958245 2
1715544535098 0.9937755548170883 3
1715544836062 0.980820614491066 4
1715545134688 0.9581596229198205 5
1715545436248 0.9658515692627343 6
1715545738147 0.942176830594557 7
1715546038141 0.9387206361241585 8
1715546340758 0.9334694760559249 9
1715546641670 0.9398380844262395 10
1715546937655 0.9197058464488844 11
1715547240265 0.9253604738381658 12
1715547540786 0.9040245557353445 13
1715547844002 0.9229165628878739 14
1715548148223 0.9267875452111237 15
1715548446201 0.9064430594444275 16
1715548743779 0.9108680808631173 17
1715549042845 0.9067934442610637 18
1715549347550 0.8954613809167904 19
1715549654146 0.8695146158663896 20
1715549960243 0.8639738672841204 21
1715550266742 0.8624072810159112 22
1715550571575 0.8619367584694911 23
1715550892782 0.8593860007550594 24
1715551195636 0.8576987542375161 25
