1718736497775 0.001 0
1718737039391 0.001 1
1718737581037 0.001 2
1718738123808 0.001 3
1718738666586 0.001 4
1718739207197 0.001 5
1718739749878 0.001 6
1718740292540 0.001 7
1718740836942 0.001 8
1718741378197 0.001 9
1718741920563 0.001 10
1718742462328 0.001 11
1718743004099 0.001 12
1718743546872 0.001 13
1718744089323 0.001 14
1718744632271 0.001 15
1718745174890 0.001 16
1718745717260 0.001 17
1718746259015 0.001 18
1718746800938 0.001 19
1718747345031 1e-05 20
1718747887843 1e-05 21
1718748430360 1e-05 22
1718748972415 1e-05 23
1718749514815 1e-05 24
