1718736497781 1.0577351719468504 0
1718737039400 1.0074283622560047 1
1718737581045 0.949841551509969 2
1718738123816 0.9308184856896872 3
1718738666595 0.9075415293812316 4
1718739207206 0.9127220048572554 5
1718739749885 0.8862936599350675 6
1718740292548 0.8904863785911392 7
1718740836950 0.8818239185399624 8
1718741378206 0.8637277911870908 9
1718741920572 0.8562385121107975 10
1718742462336 0.8458743643411349 11
1718743004111 0.8601006627519489 12
1718743546883 0.8528408943078457 13
1718744089331 0.8694025640522604 14
1718744632279 0.852491271801484 15
1718745174900 0.849779507397732 16
1718745717267 0.8414890659161103 17
1718746259022 0.8377164095749349 18
1718746800948 0.8513107666602502 19
1718747345041 0.8375772768324548 20
1718747887851 0.826341871595208 21
1718748430371 0.8267444160395053 22
1718748972421 0.8223488112509032 23
1718749514825 0.8183115279718196 24
