1718736497781 69.59706959706959 0
1718737039401 73.80952380952381 1
1718737581046 79.3956043956044 2
1718738123817 81.68498168498168 3
1718738666596 83.51648351648352 4
1718739207207 83.42490842490842 5
1718739749886 86.44688644688645 6
1718740292549 85.07326007326007 7
1718740836951 85.8974358974359 8
1718741378207 88.00366300366301 9
1718741920572 88.73626373626374 10
1718742462337 90.2014652014652 11
1718743004111 88.36996336996337 12
1718743546884 89.28571428571429 13
1718744089332 87.27106227106228 14
1718744632279 88.82783882783883 15
1718745174901 89.28571428571429 16
1718745717268 90.10989010989012 17
1718746259023 90.65934065934066 18
1718746800948 89.37728937728937 19
1718747345042 90.84249084249085 20
1718747887852 91.94139194139194 21
1718748430371 91.48351648351648 22
1718748972422 91.84981684981685 23
1718749514825 92.21611721611721 24
