1714918837136 64.65201465201466 0
1714919039787 70.6959706959707 1
1714919240377 71.7032967032967 2
1714919440045 76.37362637362638 3
1714919639197 79.48717948717949 4
1714919841561 83.79120879120879 5
1714920042354 80.95238095238095 6
1714920242345 84.98168498168498 7
1714920445552 85.34798534798534 8
1714920647610 87.45421245421245 9
1714920850487 86.08058608058609 10
1714921053901 90.29304029304029 11
1714921259254 92.58241758241758 12
1714921478609 93.22344322344323 13
1714921701440 93.95604395604396 14
1714921912093 94.13919413919415 15
1714922129312 95.42124542124542 16
