1714918837134 1.103277550996655 0
1714919039781 1.0374517453848011 1
1714919240371 1.0186089351229424 2
1714919440037 0.9713663267393182 3
1714919639192 0.9413728331127306 4
1714919841554 0.9053860189270799 5
1714920042348 0.9349582421518591 6
1714920242343 0.8977612017715064 7
1714920445546 0.8921556094267072 8
1714920647605 0.8646895772349226 9
1714920850481 0.8812245495998077 10
1714921053895 0.8529636868595207 11
1714921259248 0.830136630221875 12
1714921478603 0.824318004785663 13
1714921701434 0.8137965563439975 14
1714921912086 0.8106843076483177 15
1714922129306 0.7992641951915992 16
