1723388530282 1.2508557438850403 0
1723389139286 1.292911926031986 1
1723389729236 1.3323407172065078 2
1723390304853 1.3173917220844018 3
1723390880797 1.314455841923808 4
1723391457439 1.3070186646211714 5
1723392031169 1.3141681383817623 6
1723392604305 1.291984587143629 7
1723393176151 1.244519244620215 8
1723393748908 1.2436671288677188 9
1723394329196 1.2436610010517386 10
1723394909415 1.24458118388941 11
1723395488826 1.243683560536458 12
1723396069669 1.243670492600172 13
1723396651278 1.2436646399917184 14
