1722122403937 0.001 0
1722122691666 0.001 1
1722122981351 0.001 2
1722123271617 0.001 3
1722123562005 0.001 4
1722123850556 0.001 5
1722124139264 0.001 6
1722124428009 0.001 7
1722124717103 0.001 8
1722125006635 0.001 9
1722125296272 0.001 10
1722125586165 0.001 11
1722125875916 0.001 12
1722126165761 0.001 13
1722126455428 0.001 14
1722126745085 0.001 15
1722127034858 0.001 16
1722127324766 0.001 17
1722127614878 1e-05 18
1722127904628 1e-05 19
1722128194174 1e-05 20
1722128482792 1e-05 21
1722128771525 1e-05 22
