1722122403941 1.071015829350049 0
1722122691674 0.9907713318482424 1
1722122981359 0.9577847042363206 2
1722123271625 0.9045168480156979 3
1722123562012 0.9028821203298184 4
1722123850561 0.8904515821418483 5
1722124139270 0.8742872127246507 6
1722124428015 0.8690858719113109 7
1722124717109 0.8658471236298809 8
1722125006642 0.8636762375360006 9
1722125296278 0.8763834869031941 10
1722125586171 0.8547778633924631 11
1722125875923 0.838873714972765 12
1722126165768 0.8513976828955905 13
1722126455434 0.8677142410924583 14
1722126745091 0.8601022511174827 15
1722127034866 0.8546272976931198 16
1722127324771 0.8473479073126238 17
1722127614884 0.8419900003807012 18
1722127904634 0.8328233850307953 19
1722128194180 0.830828933707087 20
1722128482797 0.8329245345496432 21
1722128771532 0.8309219628026634 22
