1722122403942 66.75824175824175 0
1722122691674 74.81684981684981 1
1722122981360 78.66300366300366 2
1722123271625 84.43223443223444 3
1722123562013 84.06593406593407 4
1722123850562 86.35531135531136 5
1722124139271 87.54578754578755 6
1722124428016 88.00366300366301 7
1722124717110 87.63736263736264 8
1722125006643 88.18681318681318 9
1722125296279 86.72161172161172 10
1722125586172 89.56043956043956 11
1722125875924 90.75091575091575 12
1722126165768 89.65201465201466 13
1722126455435 88.18681318681318 14
1722126745091 88.91941391941391 15
1722127034867 88.91941391941391 16
1722127324772 90.10989010989012 17
1722127614884 90.2014652014652 18
1722127904634 91.20879120879121 19
1722128194181 91.48351648351648 20
1722128482797 91.3003663003663 21
1722128771532 91.39194139194139 22
