1722218681039 0.001 0
1722219170191 0.001 1
1722219662048 0.001 2
1722220152024 0.001 3
1722220641405 0.001 4
1722221130540 0.001 5
1722221620612 0.001 6
1722222110273 0.001 7
1722222600489 0.001 8
1722223090571 0.001 9
1722223580879 0.001 10
1722224072048 0.001 11
1722224561688 0.001 12
1722225050380 0.001 13
1722225542989 0.001 14
1722226032929 0.001 15
1722226526258 0.001 16
1722227015310 0.001 17
1722227504205 0.001 18
1722227993498 1e-05 19
1722228484969 1e-05 20
1722228975266 1e-05 21
1722229465276 1e-05 22
1722229955362 1e-05 23
