1722218681048 1.16793140627089 0
1722219170201 1.1318650256583105 1
1722219662060 1.1556485376078567 2
1722220152035 1.0995325788910135 3
1722220641416 1.0623171303298446 4
1722221130552 1.0459682637955243 5
1722221620624 1.0172105994853344 6
1722222110283 0.9937503132627997 7
1722222600500 0.963875962919368 8
1722223090584 0.9331825277307532 9
1722223580892 0.9361272563427796 10
1722224072059 0.9199238899863247 11
1722224561701 0.9162400777523334 12
1722225050392 0.9024028590310624 13
1722225543001 0.9035722768350398 14
1722226032940 0.8939730503183582 15
1722226526271 0.890782953400315 16
1722227015321 0.8906086622140347 17
1722227504216 0.8702126706476176 18
1722227993507 0.8777629855351571 19
1722228484981 0.8723092579142951 20
1722228975278 0.8648443001530546 21
1722229465287 0.8641565586184408 22
1722229955373 0.8556084956004942 23
