1722218681049 56.776556776556774 0
1722219170202 60.43956043956044 1
1722219662061 58.05860805860806 2
1722220152036 64.01098901098901 3
1722220641417 67.58241758241758 4
1722221130553 68.95604395604396 5
1722221620625 72.61904761904762 6
1722222110284 74.63369963369964 7
1722222600501 77.65567765567765 8
1722223090585 81.22710622710623 9
1722223580893 80.86080586080585 10
1722224072060 82.6923076923077 11
1722224561702 83.15018315018315 12
1722225050393 84.24908424908425 13
1722225543002 83.79120879120879 14
1722226032941 84.89010989010988 15
1722226526272 85.62271062271063 16
1722227015322 85.62271062271063 17
1722227504217 87.63736263736264 18
1722227993508 86.72161172161172 19
1722228484982 87.08791208791209 20
1722228975279 88.0952380952381 21
1722229465288 88.00366300366301 22
1722229955374 88.82783882783883 23
