1717338209904 1.1129136272590525 0
1717338418670 1.0411027426267192 1
1717338629338 0.9500736054712838 2
1717338839021 0.9223787671458112 3
1717339049662 0.8942841983189548 4
1717339262115 0.8841717591250899 5
1717339473910 0.8749939473005977 6
1717339686064 0.8368238658800612 7
1717339899258 0.8289398163774587 8
1717340111562 0.8188505150975972 9
1717340324397 0.798207165986082 10
1717340535436 0.7854434926144398 11
1717340748198 0.7737094790396029 12
1717340960813 0.7665837250486778 13
1717341172991 0.762068444794982 14
1717341385651 0.7603867167103899 15
1717341597218 0.7591496649449759 16
1717341809926 0.759441590222129 17
