1717338209905 63.553113553113555 0
1717338418671 70.97069597069597 1
1717338629339 80.67765567765568 2
1717338839021 83.42490842490842 3
1717339049662 85.43956043956044 4
1717339262115 86.53846153846153 5
1717339473910 88.27838827838828 6
1717339686065 91.84981684981685 7
1717339899259 92.85714285714286 8
1717340111563 93.95604395604396 9
1717340324397 95.51282051282051 10
1717340535436 96.6117216117216 11
1717340748199 97.98534798534799 12
1717340960814 98.07692307692308 13
1717341172991 98.35164835164835 14
1717341385651 98.44322344322345 15
1717341597219 98.80952380952381 16
1717341809927 98.62637362637362 17
