1722263085476 0.001 0
1722263700914 0.001 1
1722264286084 0.001 2
1722264859205 0.001 3
1722265445753 0.001 4
1722266021491 0.001 5
1722266579227 0.001 6
1722267128577 0.001 7
1722267724909 0.001 8
1722268283466 0.001 9
1722268830316 0.001 10
1722269397634 0.001 11
1722269984343 0.001 12
1722270571600 0.001 13
1722271138856 0.001 14
1722271693847 0.001 15
1722272249934 0.001 16
1722272822220 0.001 17
1722273396934 0.001 18
1722273969078 0.001 19
1722274529960 0.001 20
1722275081416 0.001 21
1722275629600 0.001 22
1722276177692 0.001 23
1722276727328 0.001 24
