1722263085496 60.34798534798535 0
1722263700930 60.43956043956044 1
1722264286108 62.54578754578755 2
1722264859226 65.75091575091575 3
1722265445771 69.59706959706959 4
1722266021508 71.15384615384616 5
1722266579245 73.53479853479854 6
1722267128595 75.0 7
1722267724927 78.66300366300366 8
1722268283485 77.28937728937728 9
1722268830332 76.37362637362638 10
1722269397652 79.76190476190476 11
1722269984393 79.57875457875458 12
1722270571623 81.77655677655677 13
1722271138890 81.86813186813187 14
1722271693878 81.41025641025641 15
1722272249966 82.5091575091575 16
1722272822239 84.24908424908425 17
1722273396953 84.34065934065934 18
1722273969112 84.34065934065934 19
1722274530021 84.98168498168498 20
1722275081453 85.07326007326007 21
1722275629619 86.63003663003663 22
1722276177711 86.44688644688645 23
1722276727347 88.00366300366301 24
