1722263085491 1.1333094793798286 0
1722263700925 1.1363138327231774 1
1722264286097 1.1157641939191154 2
1722264859219 1.0812802275458535 3
1722265445764 1.0438219461685572 4
1722266021502 1.0301733495114924 5
1722266579239 1.0021737971148648 6
1722267128588 0.9960624547231764 7
1722267724921 0.9567027956574827 8
1722268283479 0.9652371714403342 9
1722268830327 0.9790221326080434 10
1722269397647 0.9457873843965077 11
1722269984375 0.9449719622894958 12
1722270571613 0.9220516033225007 13
1722271138879 0.9205923333709494 14
1722271693870 0.9254799692622034 15
1722272249958 0.916330527473282 16
1722272822234 0.9008353992259546 17
1722273396947 0.8991807633703881 18
1722273969092 0.89960904108299 19
1722274530002 0.8935430953790854 20
1722275081440 0.8904360558960464 21
1722275629613 0.8771842288010286 22
1722276177705 0.8802832004788158 23
1722276727341 0.8669248959083697 24
