1713625884168 54.02930402930403 0
1713626233205 71.15384615384616 1
1713626583542 78.47985347985347 2
1713626931848 79.94505494505495 3
1713627279004 85.62271062271063 4
1713627627401 86.35531135531136 5
1713627972541 88.82783882783883 6
1713628318383 89.01098901098901 7
1713628663783 92.67399267399267 8
1713629006481 93.04029304029304 9
1713629352870 94.32234432234432 10
1713629699180 95.6959706959707 11
1713630046017 96.33699633699634 12
1713630395164 97.43589743589743 13
1713630741710 98.16849816849818 14
