1713625884159 1.1913327544274992 0
1713626233198 1.0490709156015494 1
1713626583535 0.9570630414642557 2
1713626931844 0.9433129673456624 3
1713627278996 0.8945155905110993 4
1713627627393 0.885214533248957 5
1713627972533 0.8681599898059873 6
1713628318376 0.8622095306424329 7
1713628663775 0.8282526065833378 8
1713629006473 0.8185114760468476 9
1713629352862 0.8105810393382163 10
1713629699172 0.7943819126073461 11
1713630046009 0.7850253490635949 12
1713630395156 0.7742552130761808 13
1713630741702 0.7665564456995386 14
