1715281117029 1.2544939104657973 0
1715281421082 1.2480541920139843 1
1715281722758 1.2452009429026694 2
1715282023833 1.2445149761046805 3
1715282326339 1.2427837700739395 4
1715282628191 1.243820170416449 5
1715282929156 1.2423559309792345 6
1715283233801 1.1545294488433504 7
1715283538132 1.1468080025519767 8
1715283840148 1.1191433850866164 9
1715284141663 1.09074087647626 10
1715284442234 1.0946557286882053 11
1715284740253 1.0913019067179548 12
1715285041146 1.0647863658675312 13
1715285344265 1.070858133970386 14
1715285645786 1.0406383123711078 15
1715285948258 1.0653467891860182 16
1715286253156 1.0441188938426276 17
1715286555331 1.0435930999526142 18
1715286859774 1.0538531111104645 19
1715287164013 1.0187013310237523 20
1715287465598 1.0407272938394199 21
1715287768160 1.0221233733379058 22
1715288068760 0.9946835584884143 23
