1715281117036 48.717948717948715 0
1715281421092 49.45054945054945 1
1715281722770 49.908424908424905 2
1715282023846 50.091575091575095 3
1715282326351 50.0 4
1715282628203 50.0 5
1715282929169 50.091575091575095 6
1715283233813 58.608058608058606 7
1715283538142 59.61538461538461 8
1715283840161 62.27106227106227 9
1715284141675 65.10989010989012 10
1715284442245 64.74358974358974 11
1715284740264 65.29304029304029 12
1715285041157 67.85714285714286 13
1715285344277 67.03296703296704 14
1715285645796 69.78021978021978 15
1715285948271 67.58241758241758 16
1715286253166 69.78021978021978 17
1715286555340 69.59706959706959 18
1715286859784 68.77289377289377 19
1715287164025 71.88644688644689 20
1715287465608 69.96336996336996 21
1715287768173 71.7948717948718 22
1715288068771 74.63369963369964 23
