1717366521301 53.205128205128204 0
1717366883308 65.38461538461539 1
1717367245835 74.17582417582418 2
1717367613339 77.93040293040293 3
1717367978608 81.31868131868131 4
1717368345479 85.62271062271063 5
1717368709209 91.11721611721612 6
1717369075594 92.03296703296704 7
1717369444780 94.41391941391942 8
1717369815505 93.86446886446886 9
1717370185705 95.14652014652015 10
1717370557609 95.78754578754578 11
1717370927476 96.15384615384616 12
1717371295660 96.15384615384616 13
1717371659998 96.24542124542124 14
1717372028213 97.06959706959707 15
1717372396836 96.97802197802197 16
1717372765181 96.7948717948718 17
