1717366521301 1.1813508306976652 0
1717366883307 1.0814139760323684 1
1717367245835 1.015906897774578 2
1717367613338 0.9686192021752796 3
1717367978607 0.9374137829690083 4
1717368345479 0.8952637693307696 5
1717368709208 0.8453050912731755 6
1717369075593 0.8321354376138562 7
1717369444779 0.8157603553611866 8
1717369815504 0.8083641137519892 9
1717370185704 0.7967438388914958 10
1717370557608 0.7908103548697312 11
1717370927475 0.786620842279309 12
1717371295659 0.7872289210340403 13
1717371659997 0.7841465834283481 14
1717372028212 0.7799993579405068 15
1717372396836 0.7795052750267252 16
1717372765180 0.7813602994828328 17
