1717356690439 1.137970022911573 0
1717356918909 1.0326449013974546 1
1717357147986 1.0056190760466304 2
1717357378901 0.9702067440443666 3
1717357611388 0.9168135623862274 4
1717357843533 0.8907893221743786 5
1717358076551 0.8652733594831759 6
1717358310766 0.8523740202841097 7
1717358546974 0.8298620233570573 8
1717358782138 0.8056250701855568 9
1717359016955 0.7889120082785613 10
1717359252706 0.7776461152264672 11
1717359488880 0.762400883392696 12
1717359723215 0.7567055064396266 13
1717359958729 0.7544838303197039 14
1717360194524 0.7549937537116725 15
1717360429428 0.7532177867680571 16
