1717356690440 62.637362637362635 0
1717356918909 71.6117216117216 1
1717357147987 75.0 2
1717357378902 77.74725274725274 3
1717357611389 83.42490842490842 4
1717357843533 86.17216117216117 5
1717358076551 88.27838827838828 6
1717358310767 89.56043956043956 7
1717358546975 92.4908424908425 8
1717358782138 95.05494505494505 9
1717359016956 96.24542124542124 10
1717359252706 97.43589743589743 11
1717359488880 98.71794871794872 12
1717359723216 99.26739926739927 13
1717359958730 99.45054945054945 14
1717360194525 99.26739926739927 15
1717360429429 99.54212454212454 16
