1715250255774 63.36996336996337 0
1715250475876 79.3040293040293 1
1715250696098 82.23443223443223 2
1715250915368 84.61538461538461 3
1715251135284 87.08791208791209 4
1715251355500 89.28571428571429 5
1715251577915 89.01098901098901 6
1715251797828 92.76556776556777 7
1715252019308 95.97069597069597 8
1715252240014 97.71062271062272 9
1715252460898 96.97802197802197 10
1715252683155 98.80952380952381 11
1715252904172 98.35164835164835 12
1715253125056 99.45054945054945 13
1715253345852 99.54212454212454 14
1715253568604 99.45054945054945 15
