1715250255768 1.130097728141033 0
1715250475869 0.9780227132957348 1
1715250696092 0.9442775362599505 2
1715250915363 0.909256198545442 3
1715251135277 0.8865426439438423 4
1715251355494 0.8624793317196143 5
1715251577909 0.8638780238854624 6
1715251797822 0.8284967511239714 7
1715252019302 0.8006573532619615 8
1715252240007 0.7792663691687758 9
1715252460891 0.7824176306272075 10
1715252683148 0.764675046405653 11
1715252904165 0.7647801685507281 12
1715253125050 0.7530067702279474 13
1715253345846 0.7502868780254448 14
1715253568599 0.7507949762970861 15
