1713567009407 1.1209030099158739 0
1713567317597 1.0956345478983691 1
1713567625119 1.0786014738744192 2
1713567929586 1.0864783334035943 3
1713568236102 1.0424036440187998 4
1713568541123 0.989758369261331 5
1713568842991 0.973280123115456 6
1713569146175 0.9372170624071664 7
1713569447858 0.9108756428217366 8
1713569759800 0.9019193318638489 9
1713570079184 0.8847092333501273 10
1713570396662 0.8688426304907695 11
1713570714377 0.8669842316286407 12
1713571035097 0.8686040570266056 13
1713571352243 0.8546282118254335 14
1713571669417 0.8608634867807374 15
1713571987356 0.8479686496901686 16
1713572308311 0.830145455189865 17
1713572626543 0.8315809416944964 18
1713572944085 0.8174691944226732 19
