1713567009410 61.81318681318681 0
1713567317602 63.64468864468864 1
1713567625122 65.84249084249085 2
1713567929590 65.29304029304029 3
1713568236107 69.41391941391942 4
1713568541128 75.91575091575092 5
1713568842995 77.93040293040293 6
1713569146180 81.41025641025641 7
1713569447862 84.70695970695971 8
1713569759806 84.43223443223444 9
1713570079189 86.35531135531136 10
1713570396667 88.27838827838828 11
1713570714382 88.27838827838828 12
1713571035102 87.63736263736264 13
1713571352247 89.1025641025641 14
1713571669422 87.91208791208791 15
1713571987361 89.37728937728937 16
1713572308317 91.48351648351648 17
1713572626547 91.11721611721612 18
1713572944091 93.13186813186813 19
