1713650663263 1.1750423107704107 0
1713650923257 1.0721433219248362 1
1713651183794 0.9989187904518017 2
1713651444735 0.9899305348848775 3
1713651705861 0.9247599470354345 4
1713651967479 0.9463879261573735 5
1713652229153 0.9141484237935421 6
1713652489880 0.9151842076412953 7
1713652754394 0.8891597242250929 8
1713653010700 0.8794003250825144 9
1713653269716 0.8634111781189912 10
1713653530659 0.8411113902600142 11
1713653793053 0.8416072617482094 12
1713654054078 0.828434156240338 13
1713654311182 0.810083832618964 14
1713654577389 0.8092292290534416 15
1713654838207 0.7971024313112245 16
1713655098479 0.7864155643177728 17
