1713650663270 56.41025641025641 0
1713650923265 68.77289377289377 1
1713651183802 75.64102564102564 2
1713651444743 75.0915750915751 3
1713651705868 83.05860805860806 4
1713651967486 79.67032967032966 5
1713652229159 83.15018315018315 6
1713652489887 82.6007326007326 7
1713652754399 86.17216117216117 8
1713653010705 86.72161172161172 9
1713653269723 88.64468864468864 10
1713653530667 90.65934065934066 11
1713653793060 91.48351648351648 12
1713654054085 92.03296703296704 13
1713654311189 93.77289377289377 14
1713654577396 93.86446886446886 15
1713654838215 95.14652014652015 16
1713655098486 96.42857142857143 17
