1717317714691 67.4908424908425 0
1717317908381 78.57142857142857 1
1717318105456 82.96703296703296 2
1717318301605 85.16483516483517 3
1717318495741 86.72161172161172 4
1717318695427 86.26373626373626 5
1717318894521 87.36263736263736 6
1717319097163 86.35531135531136 7
1717319299589 89.83516483516483 8
1717319502915 88.55311355311355 9
1717319707433 90.56776556776556 10
1717319913375 93.77289377289377 11
1717320117807 96.42857142857143 12
1717320322247 96.52014652014653 13
1717320528261 98.53479853479854 14
1717320733843 98.80952380952381 15
1717320938114 99.08424908424908 16
1717321142527 99.08424908424908 17
