1717317714691 1.0826017390126768 0
1717317908380 0.9558055115782697 1
1717318105455 0.9140338465787362 2
1717318301605 0.8948775080667026 3
1717318495740 0.8845667044321696 4
1717318695426 0.8760155275248099 5
1717318894520 0.8699511410533518 6
1717319097161 0.8796030749445376 7
1717319299588 0.8463618530743364 8
1717319502915 0.8634724789771481 9
1717319707432 0.836536485215892 10
1717319913374 0.8142151011936907 11
1717320117806 0.792281883350317 12
1717320322246 0.7822494783263275 13
1717320528261 0.7692006437674813 14
1717320733842 0.7651794077693552 15
1717320938113 0.7622810256653938 16
1717321142527 0.762360546036043 17
