1717373338414 0.001 0
1717373516599 0.001 1
1717373695696 0.001 2
1717373874529 0.001 3
1717374053811 0.001 4
1717374234185 0.001 5
1717374413281 0.001 6
1717374592825 0.001 7
1717374772021 0.001 8
1717374951421 0.001 9
1717375130756 0.001 10
1717375310647 0.001 11
1717375490368 0.001 12
1717375670464 0.001 13
1717375850575 0.001 14
1717376031242 0.001 15
1717376211559 0.001 16
1717376391742 0.001 17
1717376572099 0.001 18
1717376752511 0.001 19
1717376933003 0.001 20
1717377113205 1e-05 21
1717377292968 1e-05 22
1717377473159 1e-05 23
1717377653097 1e-05 24
1717377833898 1e-05 25
