1717373338420 1.0986300128219773 0
1717373516607 1.0335796366642862 1
1717373695705 0.9626610605386052 2
1717373874537 0.9348865521215174 3
1717374053820 0.9226034670850657 4
1717374234194 0.9137250950736721 5
1717374413288 0.9110648592893225 6
1717374592834 0.8885230552541078 7
1717374772028 0.8936151065965638 8
1717374951429 0.8589246329599923 9
1717375130763 0.8547266961014184 10
1717375310654 0.8420858935718118 11
1717375490375 0.8307798604895599 12
1717375670471 0.8302577172752714 13
1717375850582 0.8157786539871327 14
1717376031250 0.7923596905965875 15
1717376211567 0.8099547963942925 16
1717376391750 0.7898958077395919 17
1717376572107 0.7848544864758958 18
1717376752518 0.7781223785268129 19
1717376933010 0.7688588826325689 20
1717377113213 0.7744325151408675 21
1717377292977 0.7554880824402301 22
1717377473167 0.7525834528199078 23
1717377653105 0.7502639454646702 24
1717377833907 0.7507363636128224 25
