1717373338421 64.56043956043956 0
1717373516608 70.6959706959707 1
1717373695706 77.74725274725274 2
1717373874538 80.40293040293041 3
1717374053821 82.23443223443223 4
1717374234195 82.78388278388279 5
1717374413289 83.05860805860806 6
1717374592834 84.98168498168498 7
1717374772029 85.43956043956044 8
1717374951429 89.28571428571429 9
1717375130764 89.37728937728937 10
1717375310655 91.11721611721612 11
1717375490376 91.57509157509158 12
1717375670472 91.94139194139194 13
1717375850583 94.23076923076923 14
1717376031251 96.6117216117216 15
1717376211568 94.32234432234432 16
1717376391751 96.33699633699634 17
1717376572108 96.33699633699634 18
1717376752519 97.06959706959707 19
1717376933011 98.35164835164835 20
1717377113214 97.61904761904762 21
1717377292978 99.17582417582418 22
1717377473168 99.54212454212454 23
1717377653106 99.63369963369964 24
1717377833907 99.72527472527473 25
