1713559313104 69.59706959706959 0
1713559503304 78.2051282051282 1
1713559692465 83.33333333333333 2
1713559880033 84.24908424908425 3
1713560069584 85.8058608058608 4
1713560257194 87.45421245421245 5
1713560446923 87.54578754578755 6
1713560636850 89.28571428571429 7
1713560826424 89.92673992673993 8
1713561016849 90.38461538461539 9
1713561209578 89.92673992673993 10
1713561401593 90.10989010989012 11
1713561590394 90.65934065934066 12
1713561780212 90.56776556776556 13
1713561971488 91.02564102564102 14
1713562161817 91.75824175824175 15
1713562352920 91.84981684981685 16
1713562545326 93.13186813186813 17
1713562736627 92.58241758241758 18
1713562928480 95.6959706959707 19
1713563117505 94.50549450549451 20
1713563306093 96.33699633699634 21
