1713559313101 1.0468931328641238 0
1713559503301 0.9614841533403327 1
1713559692461 0.9140443231937659 2
1713559880029 0.9036531082905122 3
1713560069581 0.8900418660066424 4
1713560257191 0.872424541598689 5
1713560446921 0.871810722090032 6
1713560636846 0.8556167348457949 7
1713560826421 0.8476420949845418 8
1713561016846 0.8420391992060807 9
1713561209575 0.8463261958456387 10
1713561401590 0.8451119408990345 11
1713561590390 0.8425391368622327 12
1713561780210 0.8385503287733036 13
1713561971484 0.832832166313255 14
1713562161814 0.8273720045159333 15
1713562352917 0.8233845742949604 16
1713562545324 0.8118613880046093 17
1713562736622 0.8183054845698559 18
1713562928475 0.7951792039140297 19
1713563117500 0.8010333284844448 20
1713563306090 0.7863675656109831 21
