1715270393470 1.079022630287783 0
1715270576521 0.9767362671176882 1
1715270758303 0.9386798426182601 2
1715270941717 0.9529803651962837 3
1715271123635 0.9196217160155303 4
1715271305159 0.9070161959550677 5
1715271487310 0.8859965844746054 6
1715271669762 0.897044791792431 7
1715271850290 0.8727019485766 8
1715272022614 0.8650003005988407 9
1715272194922 0.8493088918880825 10
1715272367397 0.8382857389693713 11
1715272539072 0.8244774728795908 12
1715272711553 0.811905907888482 13
1715272885263 0.7901217402332891 14
1715273059779 0.7858784990589114 15
