1715270393472 67.21611721611721 0
1715270576525 75.82417582417582 1
1715270758308 79.48717948717949 2
1715270941722 78.75457875457876 3
1715271123639 81.95970695970696 4
1715271305164 82.87545787545787 5
1715271487314 85.07326007326007 6
1715271669767 85.07326007326007 7
1715271850295 86.99633699633699 8
1715272022618 88.18681318681318 9
1715272194927 89.92673992673993 10
1715272367402 90.47619047619048 11
1715272539077 93.22344322344323 12
1715272711556 93.86446886446886 13
1715272885267 96.42857142857143 14
1715273059784 96.88644688644689 15
