1723019298647 1.0736469464860994 0
1723020429298 0.9982545332157569 1
1723020745135 0.9462736799166753 2
1723021061540 0.9131953303630536 3
1723021377870 0.896821011990418 4
1723021694532 0.8784273360675071 5
1723022011312 0.8974190343430627 6
1723022327534 0.8851285050640176 7
1723022644764 0.882651110053499 8
1723022961888 0.872449170538794 9
1723023278513 0.8511032983933613 10
1723023595179 0.8563140746438023 11
1723023911662 0.8475191444704384 12
1723024899673 0.843899218809037 13
1723025538059 0.8431092638235825 14
1723025858666 0.841306861940321 15
