1723019298651 67.4908424908425 0
1723020429302 75.64102564102564 1
1723020745139 80.86080586080585 2
1723021061544 83.88278388278388 3
1723021377873 85.43956043956044 4
1723021694536 86.99633699633699 5
1723022011316 84.52380952380952 6
1723022327538 85.98901098901099 7
1723022644767 85.62271062271063 8
1723022961891 86.72161172161172 9
1723023278516 89.46886446886447 10
1723023595183 89.01098901098901 11
1723023911666 90.38461538461539 12
1723024899677 90.38461538461539 13
1723025538063 90.29304029304029 14
1723025858669 90.56776556776556 15
