1713655464852 1.1795558437813807 0
1713655822288 1.074547956894784 1
1713656181629 1.0655373752552226 2
1713656542879 0.9925311542775509 3
1713656902234 0.929639986396706 4
1713657264731 0.8768104706367437 5
1713657628269 0.8601913517408998 6
1713657983446 0.825395782933618 7
1713658342553 0.8143091919648386 8
1713658705801 0.801765036843989 9
1713659067760 0.7888888277276589 10
1713659430747 0.7715101772851317 11
1713659791795 0.7693610530700127 12
1713660154944 0.7636398233636452 13
1713660516355 0.7588828997890444 14
1713660878913 0.7585033182680172 15
1713661241481 0.7597119155591422 16
1713661603443 0.7625917818424476 17
1713661967363 0.7644182839532838 18
1713662329392 0.800500870186047 19
1713662695058 0.7609900123011457 20
1713663059441 0.756377709172938 21
