1713655464859 51.46520146520147 0
1713655822295 66.20879120879121 1
1713656181636 66.75824175824175 2
1713656542887 77.65567765567765 3
1713656902241 82.78388278388279 4
1713657264738 89.1025641025641 5
1713657628277 89.46886446886447 6
1713657983451 93.58974358974359 7
1713658342560 93.95604395604396 8
1713658705808 94.78021978021978 9
1713659067768 96.33699633699634 10
1713659430753 98.07692307692308 11
1713659791802 98.16849816849818 12
1713660154952 98.62637362637362 13
1713660516362 99.17582417582418 14
1713660878920 98.9010989010989 15
1713661241487 98.62637362637362 16
1713661603451 98.53479853479854 17
1713661967370 98.26007326007326 18
1713662329400 94.59706959706959 19
1713662695064 98.71794871794872 20
1713663059447 98.80952380952381 21
