1715529222008 1.0829109532119583 0
1715529382900 0.95590054901847 1
1715529544660 0.9357829489847169 2
1715529705267 0.9069579348076869 3
1715529867396 0.8965600063330936 4
1715530030389 0.8843922253942837 5
1715530195630 0.8782914146019595 6
1715530361690 0.8767696118702853 7
1715530526221 0.8778057872813984 8
1715530692084 0.875609348290158 9
1715530857239 0.8635563972222544 10
1715531021894 0.8566947766464122 11
1715531185865 0.8450009709727155 12
1715531351131 0.8354977612947896 13
1715531514490 0.8228580507918866 14
1715531680655 0.8170953497399379 15
1715531845792 0.8207432666834253 16
1715532010217 0.8188199035442658 17
1715532176251 0.8190403863461349 18
