1715529222010 63.64468864468864 0
1715529382901 80.31135531135531 1
1715529544661 81.22710622710623 2
1715529705268 84.06593406593407 3
1715529867397 84.89010989010988 4
1715530030390 86.17216117216117 5
1715530195632 86.9047619047619 6
1715530361690 87.27106227106228 7
1715530526222 87.17948717948718 8
1715530692084 86.81318681318682 9
1715530857240 88.55311355311355 10
1715531021894 88.82783882783883 11
1715531185866 90.01831501831502 12
1715531351131 90.38461538461539 13
1715531514491 93.04029304029304 14
1715531680656 94.04761904761905 15
1715531845793 92.85714285714286 16
1715532010217 92.85714285714286 17
1715532176252 93.31501831501832 18
