1713647154909 1.1272994697529033 0
1713647369387 1.0251259773317045 1
1713647580608 0.9828988539911535 2
1713647792570 0.9287248902077222 3
1713648008517 0.9036572584270561 4
1713648225235 0.9110597363353645 5
1713648442948 0.879647941920009 6
1713648660628 0.8788746412653122 7
1713648877750 0.8598105333147258 8
1713649094215 0.8252592600175064 9
1713649309546 0.8202953412585015 10
1713649526132 0.8219871882104526 11
1713649743851 0.792669869252365 12
1713649961431 0.7885572657968006 13
1713650178421 0.7690771035034291 14
1713650396779 0.7679781182839053 15
