1713647154913 61.99633699633699 0
1713647369392 72.06959706959707 1
1713647580614 75.91575091575092 2
1713647792577 82.05128205128206 3
1713648008521 84.61538461538461 4
1713648225243 83.97435897435898 5
1713648442956 86.99633699633699 6
1713648660635 86.9047619047619 7
1713648877758 88.82783882783883 8
1713649094220 92.85714285714286 9
1713649309550 93.04029304029304 10
1713649526139 93.22344322344323 11
1713649743859 95.87912087912088 12
1713649961438 96.06227106227107 13
1713650178429 98.26007326007326 14
1713650396786 98.35164835164835 15
