1717321344752 61.904761904761905 0
1717321534575 71.06227106227107 1
1717321726780 78.47985347985347 2
1717321919577 80.40293040293041 3
1717322113528 84.52380952380952 4
1717322306644 85.25641025641026 5
1717322499949 85.8058608058608 6
1717322692820 86.53846153846153 7
1717322886281 86.81318681318682 8
1717323079728 86.63003663003663 9
1717323271952 90.29304029304029 10
1717323463363 93.22344322344323 11
1717323656634 94.41391941391942 12
1717323849662 94.32234432234432 13
1717324042763 97.06959706959707 14
1717324235804 94.23076923076923 15
1717324428352 96.42857142857143 16
1717324622097 97.16117216117216 17
1717324817232 98.26007326007326 18
