1717321344751 1.1203289240816214 0
1717321534574 1.0360245043343872 1
1717321726780 0.9602380634224328 2
1717321919576 0.9401837783138247 3
1717322113527 0.8994307422289883 4
1717322306644 0.8907034949664652 5
1717322499949 0.8852923299274306 6
1717322692820 0.8778339968110523 7
1717322886281 0.8733688523299503 8
1717323079728 0.871341317239469 9
1717323271952 0.8450475396031011 10
1717323463362 0.8268053666518552 11
1717323656633 0.8100291681985785 12
1717323849662 0.81138872273647 13
1717324042762 0.7843923285929826 14
1717324235803 0.8031865932645589 15
1717324428352 0.7852563357701267 16
1717324622096 0.7788817573637858 17
1717324817231 0.7712317322292467 18
