1715716299498 1.0695503457732822 0
1715716498452 0.9454356060511824 1
1715716698613 0.9551630331122357 2
1715716898796 0.9003670034201249 3
1715717099308 0.900479933489924 4
1715717298477 0.8819476832514224 5
1715717503390 0.8568429204000942 6
1715717705043 0.8569485277369402 7
1715717914656 0.8677361745765244 8
1715718116888 0.865694656752158 9
1715718318288 0.8629235823949178 10
1715718519420 0.8467738248299861 11
1715718731368 0.8378331877183223 12
1715718932997 0.8511863428613414 13
1715719122702 0.843046708383422 14
1715719311674 0.8200394640798154 15
1715719505712 0.8124530393144359 16
1715719701053 0.8076884971148726 17
1715719894400 0.7927009886589603 18
1715720083685 0.787225263706152 19
1715720273941 0.7866280692211096 20
1715720467301 0.7869765957196554 21
