1715716299499 68.31501831501832 0
1715716498453 80.49450549450549 1
1715716698614 79.3040293040293 2
1715716898797 85.34798534798534 3
1715717099309 84.61538461538461 4
1715717298478 86.9047619047619 5
1715717503391 88.73626373626374 6
1715717705043 89.65201465201466 7
1715717914658 87.91208791208791 8
1715718116889 88.0952380952381 9
1715718318289 88.27838827838828 10
1715718519421 90.10989010989012 11
1715718731369 90.84249084249085 12
1715718932998 89.74358974358974 13
1715719122703 90.2014652014652 14
1715719311675 92.21611721611721 15
1715719505713 93.13186813186813 16
1715719701054 93.68131868131869 17
1715719894402 96.97802197802197 18
1715720083686 96.88644688644689 19
1715720273943 96.88644688644689 20
1715720467301 96.7948717948718 21
