1714926143441 49.26739926739927 0
1714926452910 48.62637362637363 1
1714926760050 49.908424908424905 2
1714927061335 57.78388278388278 3
1714927363678 50.91575091575091 4
1714927667318 53.205128205128204 5
1714927969709 49.81684981684982 6
1714928272588 52.014652014652015 7
1714928587576 50.27472527472528 8
1714928888021 49.908424908424905 9
1714929190586 51.00732600732601 10
1714929489472 52.1978021978022 11
1714929790548 53.57142857142857 12
1714930091824 64.56043956043956 13
1714930391986 65.10989010989012 14
1714930693576 63.64468864468864 15
1714930993511 64.01098901098901 16
1714931294077 65.75091575091575 17
1714931595001 67.94871794871794 18
1714931896134 65.56776556776556 19
1714932198932 66.11721611721612 20
1714932500001 68.77289377289377 21
1714932807983 70.14652014652015 22
1714933110680 67.03296703296704 23
1714933412811 66.66666666666667 24
1714933714273 68.13186813186813 25
1714934015494 69.59706959706959 26
