1714926143434 1.2454089687688508 0
1714926452901 1.2522251096955181 1
1714926760044 1.238951833578792 2
1714927061328 1.15911465883255 3
1714927363671 1.234576923133683 4
1714927667311 1.2096658779756866 5
1714927969702 1.2358966025992901 6
1714928272580 1.2154320395775955 7
1714928587569 1.2395746690513443 8
1714928888013 1.2399435156453265 9
1714929190579 1.232749203695868 10
1714929489463 1.222113626716781 11
1714929790538 1.205369186227339 12
1714930091818 1.0961534676760654 13
1714930391978 1.09032851631624 14
1714930693568 1.1071727280199093 15
1714930993504 1.098536291261659 16
1714931294069 1.0843418466783787 17
1714931594993 1.0615328432869737 18
1714931896127 1.0856366209740187 19
1714932198926 1.0808429387364074 20
1714932499993 1.0534124461403729 21
1714932807976 1.041380815262342 22
1714933110671 1.0734618649865588 23
1714933412803 1.0714266556892953 24
1714933714266 1.0600507107094257 25
1714934015486 1.0477634033147436 26
