1715532496681 0.001 0
1715532680737 0.001 1
1715532872464 0.001 2
1715533063300 0.001 3
1715533256874 0.001 4
1715533450989 0.001 5
1715533645295 0.001 6
1715533841686 0.001 7
1715534036218 0.001 8
1715534230608 0.001 9
1715534426038 0.001 10
1715534621446 1e-05 11
1715534812849 1e-05 12
1715535007067 1e-05 13
1715535178032 1e-05 14
1715535344943 1.0000000000000001e-07 15
1715535515077 1.0000000000000001e-07 16
1715535687988 1.0000000000000001e-07 17
1715535856230 1.0000000000000001e-07 18
1715536024897 1e-09 19
1715536194332 1e-09 20
1715536363061 1e-09 21
1715536532290 1e-09 22
1715536703228 1e-09 23
1715536871164 1e-09 24
1715537038522 1e-09 25
1715537206523 1e-09 26
