1715532496684 1.1018883103001726 0
1715532680741 1.0639049376014376 1
1715532872468 0.9632271654414435 2
1715533063306 0.9498329528056793 3
1715533256878 0.91466976125745 4
1715533450993 0.9118336465236915 5
1715533645300 0.8908813882918254 6
1715533841691 0.8962698478768342 7
1715534036225 0.8768481403371714 8
1715534230614 0.8793116938458742 9
1715534426043 0.8593829087097279 10
1715534621451 0.873897986255423 11
1715534812854 0.8528475500371334 12
1715535007072 0.8446566662649169 13
1715535178037 0.8414650111302843 14
1715535344948 0.8363754549165712 15
1715535515081 0.8367169934467678 16
1715535687992 0.8347018334987389 17
1715535856236 0.8374800642911535 18
1715536024902 0.8351180466422199 19
1715536194336 0.8355660577760126 20
1715536363066 0.8354515076553735 21
1715536532295 0.8362225563856807 22
1715536703233 0.8354669979018886 23
1715536871169 0.8367488936786234 24
1715537038527 0.8382480975485196 25
1715537206528 0.8372820563559985 26
