1715532496685 66.02564102564102 0
1715532680742 67.76556776556777 1
1715532872469 78.47985347985347 2
1715533063307 80.40293040293041 3
1715533256879 83.42490842490842 4
1715533450994 83.24175824175825 5
1715533645301 85.43956043956044 6
1715533841692 85.07326007326007 7
1715534036225 86.81318681318682 8
1715534230614 86.63003663003663 9
1715534426044 88.64468864468864 10
1715534621452 86.63003663003663 11
1715534812855 90.01831501831502 12
1715535007073 90.93406593406593 13
1715535178038 91.39194139194139 14
1715535344949 91.84981684981685 15
1715535515082 92.12454212454213 16
1715535687994 91.84981684981685 17
1715535856237 91.75824175824175 18
1715536024903 91.75824175824175 19
1715536194337 91.84981684981685 20
1715536363066 92.03296703296704 21
1715536532296 91.84981684981685 22
1715536703234 91.75824175824175 23
1715536871170 91.94139194139194 24
1715537038528 91.3003663003663 25
1715537206528 91.94139194139194 26
