1715253911650 58.6996336996337 0
1715254240662 70.87912087912088 1
1715254568112 78.11355311355311 2
1715254890456 78.47985347985347 3
1715255224325 82.87545787545787 4
1715255549452 84.06593406593407 5
1715255875509 86.35531135531136 6
1715256206000 88.36996336996337 7
1715256537123 83.88278388278388 8
1715256867979 89.28571428571429 9
1715257199605 87.17948717948718 10
1715257528599 89.65201465201466 11
1715257858020 91.02564102564102 12
1715258189555 91.39194139194139 13
1715258513905 93.77289377289377 14
1715258846036 95.05494505494505 15
