1715253911644 1.1540890875523977 0
1715254240653 1.0370616086208038 1
1715254568106 0.9627890125678403 2
1715254890449 0.9603656774019673 3
1715255224323 0.915458298512619 4
1715255549445 0.9030670862998406 5
1715255875502 0.883753290141586 6
1715256205991 0.8658497572815331 7
1715256537117 0.8993170091705601 8
1715256867973 0.8577636889297596 9
1715257199598 0.8758112770797563 10
1715257528591 0.8477127834828231 11
1715257858012 0.8357385527478517 12
1715258189547 0.8357989905524428 13
1715258513900 0.8077453670710543 14
1715258846028 0.8006383232826734 15
