1718727882534 64.65201465201466 0
1718728385990 72.16117216117216 1
1718728888911 76.37362637362638 2
1718729394250 81.5934065934066 3
1718729896921 83.05860805860806 4
1718730399920 85.25641025641026 5
1718730903831 86.17216117216117 6
1718731408376 87.27106227106228 7
1718731913574 88.46153846153847 8
1718732417582 88.18681318681318 9
1718732922525 88.46153846153847 10
1718733427396 87.82051282051282 11
1718733932882 88.64468864468864 12
1718734437487 89.56043956043956 13
1718734942470 89.83516483516483 14
1718735445559 88.91941391941391 15
1718735950812 90.10989010989012 16
