1718727882533 1.0950948838349228 0
1718728385989 1.0212022688362625 1
1718728888910 0.9865815060915964 2
1718729394249 0.9389174619873801 3
1718729896920 0.9121513864496252 4
1718730399919 0.8943181594649514 5
1718730903830 0.8836081696080638 6
1718731408375 0.8775758579537108 7
1718731913573 0.8623311078592097 8
1718732417581 0.8673144576750396 9
1718732922524 0.8637491923112136 10
1718733427396 0.8672341868117616 11
1718733932881 0.8574546433630443 12
1718734437486 0.8506961165767013 13
1718734942469 0.8484691868334899 14
1718735445558 0.8511947873747829 15
1718735950811 0.8414416090472714 16
