1717342043407 62.08791208791209 0
1717342266778 75.54945054945055 1
1717342489915 82.6923076923077 2
1717342711744 81.13553113553114 3
1717342934854 84.52380952380952 4
1717343158122 85.98901098901099 5
1717343381958 87.17948717948718 6
1717343605881 88.46153846153847 7
1717343829244 88.36996336996337 8
1717344053049 89.28571428571429 9
1717344276594 93.68131868131869 10
1717344501024 95.05494505494505 11
1717344724785 97.06959706959707 12
1717344948548 96.15384615384616 13
1717345172234 98.07692307692308 14
1717345395590 99.17582417582418 15
1717345619641 99.63369963369964 16
