1717342043407 1.131569055310131 0
1717342266778 1.0078465816748403 1
1717342489915 0.9321107116058795 2
1717342711744 0.9400311743255949 3
1717342934853 0.9021719768099541 4
1717343158122 0.8896861959547893 5
1717343381957 0.8777142902360345 6
1717343605880 0.8654307923177733 7
1717343829243 0.8659967227573813 8
1717344053048 0.8580713111118679 9
1717344276594 0.8159936683891463 10
1717344501023 0.8071597353385312 11
1717344724784 0.7836573959267052 12
1717344948547 0.7867102392398528 13
1717345172234 0.7695739247503072 14
1717345395590 0.756501123417903 15
1717345619641 0.7508109838423067 16
