1722202660338 0.001 0
1722202911428 0.001 1
1722203163275 0.001 2
1722203415285 0.001 3
1722203669131 0.001 4
1722203923426 0.001 5
1722204177150 0.001 6
1722204431319 0.001 7
1722204686183 0.001 8
1722204939542 0.001 9
1722205194668 0.001 10
1722205450060 0.001 11
1722205704976 0.001 12
1722205960592 0.001 13
1722206215883 0.001 14
1722206471816 0.001 15
1722206728101 0.001 16
1722206983275 0.001 17
1722207239124 0.001 18
1722207494525 0.001 19
1722207750325 0.001 20
1722208006608 0.001 21
1722208262499 0.001 22
1722208516674 1e-05 23
1722208772546 1e-05 24
1722209028132 1e-05 25
1722209284123 1e-05 26
1722209540106 1e-05 27
