1722202660346 69.32234432234432 0
1722202911437 79.85347985347985 1
1722203163284 81.31868131868131 2
1722203415295 85.71428571428571 3
1722203669142 85.98901098901099 4
1722203923437 87.36263736263736 5
1722204177161 86.26373626373626 6
1722204431327 88.55311355311355 7
1722204686193 89.56043956043956 8
1722204939555 89.1941391941392 9
1722205194679 90.10989010989012 10
1722205450073 89.74358974358974 11
1722205704988 89.1941391941392 12
1722205960602 90.75091575091575 13
1722206215895 90.38461538461539 14
1722206471827 90.75091575091575 15
1722206728114 89.46886446886447 16
1722206983288 90.93406593406593 17
1722207239136 90.75091575091575 18
1722207494537 91.3003663003663 19
1722207750335 90.84249084249085 20
1722208006618 91.39194139194139 21
1722208262512 90.2014652014652 22
1722208516684 91.20879120879121 23
1722208772559 91.57509157509158 24
1722209028142 91.57509157509158 25
1722209284136 91.3003663003663 26
1722209540118 91.39194139194139 27
