1722202660346 1.0572608910200796 0
1722202911436 0.951181425498082 1
1722203163283 0.9319952025518312 2
1722203415294 0.8907710639111724 3
1722203669141 0.8855641656742864 4
1722203923436 0.8718520819922506 5
1722204177160 0.8869184838546501 6
1722204431326 0.860236562433697 7
1722204686193 0.8495259998918889 8
1722204939554 0.85550201856173 9
1722205194678 0.846084054573115 10
1722205450072 0.847024149292118 11
1722205704987 0.852044831047128 12
1722205960601 0.8403227355453994 13
1722206215894 0.843314141144246 14
1722206471826 0.8364135826027 15
1722206728113 0.8486906680868659 16
1722206983287 0.8355947407610688 17
1722207239135 0.8402758537631332 18
1722207494537 0.8325767388273945 19
1722207750334 0.8370610868537819 20
1722208006617 0.8331694201235369 21
1722208262511 0.843476340010926 22
1722208516683 0.8330366642047198 23
1722208772558 0.829837923521524 24
1722209028141 0.8281688491503397 25
1722209284135 0.8299386887759953 26
1722209540118 0.830164223145216 27
