1713612282015 1.1485293886087236 0
1713612490217 1.017738582444017 1
1713612693260 0.9371616962182261 2
1713612896733 0.8920664487093904 3
1713613097991 0.8635741659324535 4
1713613299180 0.8361153841888818 5
1713613501927 0.805630680853433 6
1713613702386 0.7875624177229665 7
1713613903766 0.7720621519715246 8
1713614106699 0.7657258680267055 9
1713614306168 0.7572476385283644 10
1713614508899 0.7543283213664146 11
1713614713201 0.7723309915431225 12
1713614916401 0.7817906319659992 13
1713615120312 0.7773293878910316 14
