1713612282019 59.34065934065934 0
1713612490224 74.9084249084249 1
1713612693266 82.6923076923077 2
1713612896740 86.99633699633699 3
1713613097997 89.83516483516483 4
1713613299183 92.3076923076923 5
1713613501933 95.6959706959707 6
1713613702393 96.88644688644689 7
1713613903771 98.35164835164835 8
1713614106706 98.62637362637362 9
1713614306173 99.35897435897436 10
1713614508906 99.54212454212454 11
1713614713208 97.89377289377289 12
1713614916405 97.25274725274726 13
1713615120318 97.25274725274726 14
