1715519975231 1.045755922794342 0
1715520144262 0.9441335054411404 1
1715520308950 0.9084163368612096 2
1715520472410 0.8987899880478347 3
1715520635635 0.8917871972788936 4
1715520799414 0.8868863850400068 5
1715520959999 0.8577575951382734 6
1715521125732 0.8627932080324145 7
1715521289320 0.8530895105306653 8
1715521453335 0.8595325013865596 9
1715521616630 0.8429362972577413 10
1715521780469 0.835624401120172 11
1715521945672 0.8192187323086504 12
1715522119921 0.8023409947105076 13
1715522286312 0.8123754366584446 14
1715522451978 0.8087044729702715 15
1715522621871 0.7897627094517583 16
1715522789633 0.778659677159959 17
1715522953621 0.7783820698226708 18
1715523118563 0.7686563116916711 19
1715523282591 0.7593367609424867 20
