1715519975237 72.06959706959707 0
1715520144268 80.31135531135531 1
1715520308955 83.24175824175825 2
1715520472415 84.15750915750915 3
1715520635640 84.70695970695971 4
1715520799421 85.71428571428571 5
1715520960004 88.73626373626374 6
1715521125738 87.45421245421245 7
1715521289327 89.1025641025641 8
1715521453340 88.0952380952381 9
1715521616636 90.2014652014652 10
1715521780475 90.75091575091575 11
1715521945678 93.58974358974359 12
1715522119926 94.96336996336996 13
1715522286318 94.23076923076923 14
1715522451984 93.68131868131869 15
1715522621875 96.7032967032967 16
1715522789639 97.89377289377289 17
1715522953627 97.34432234432235 18
1715523118570 98.26007326007326 19
1715523282597 99.26739926739927 20
