1717391173548 1.0606555547157344 0
1717391481240 1.051072205505232 1
1717391788317 1.0476903789234857 2
1717392096600 1.0601231212163493 3
1717392405644 1.0439356295731816 4
1717392717530 1.06476508004822 5
1717393024349 1.0523353871637888 6
1717393334039 1.0392828635925795 7
1717393645612 1.0600448455253657 8
1717393957014 1.044228652097883 9
1717394269406 1.0575020670020667 10
1717394580408 1.045656783302335 11
1717394890088 1.0491918399386162 12
1717395200339 1.0382163011244614 13
1717395509246 1.0472940280489678 14
1717395818949 1.054071810123694 15
1717396128021 1.0487484288041609 16
1717396436906 1.0568694615886158 17
