1717391173553 67.94871794871794 0
1717391481244 69.32234432234432 1
1717391788323 69.68864468864469 2
1717392096606 68.4065934065934 3
1717392405651 69.68864468864469 4
1717392717534 67.85714285714286 5
1717393024356 68.4981684981685 6
1717393334044 70.23809523809524 7
1717393645618 67.94871794871794 8
1717393957020 69.78021978021978 9
1717394269412 68.22344322344323 10
1717394580414 69.59706959706959 11
1717394890094 69.04761904761905 12
1717395200344 70.51282051282051 13
1717395509252 69.68864468864469 14
1717395818954 68.86446886446886 15
1717396128027 69.32234432234432 16
1717396436910 68.31501831501832 17
