1714914043034 1.0840999679843875 0
1714914267070 0.9989535908629424 1
1714914484084 0.956485199232171 2
1714914702660 0.945842818187101 3
1714914920421 0.9105878663759162 4
1714915138571 0.9077626749546859 5
1714915356612 0.8967628979334866 6
1714915566612 0.87303716857938 7
1714915775723 0.8815634028754965 8
1714915994082 0.8684124228728078 9
1714916199768 0.8481449684957518 10
1714916412706 0.8478991071673205 11
1714916629420 0.8369382841743692 12
1714916836734 0.8302945525106722 13
1714917053520 0.8143403042842002 14
