1714914043038 66.39194139194139 0
1714914267078 74.9084249084249 1
1714914484093 78.84615384615384 2
1714914702668 79.57875457875458 3
1714914920429 83.79120879120879 4
1714915138579 84.52380952380952 5
1714915356620 85.07326007326007 6
1714915566624 87.63736263736264 7
1714915775732 86.63003663003663 8
1714915994091 88.27838827838828 9
1714916199778 89.92673992673993 10
1714916412715 90.65934065934066 11
1714916629429 91.75824175824175 12
1714916836743 92.03296703296704 13
1714917053529 93.95604395604396 14
