1715273261294 60.989010989010985 0
1715273455649 65.56776556776556 1
1715273644944 70.6043956043956 2
1715273837308 77.74725274725274 3
1715274027192 74.54212454212454 4
1715274216446 79.76190476190476 5
1715274406563 81.95970695970696 6
1715274596572 82.41758241758242 7
1715274786474 84.06593406593407 8
1715274976370 85.71428571428571 9
1715275166794 84.89010989010988 10
1715275356902 87.36263736263736 11
1715275547237 87.17948717948718 12
1715275737113 87.82051282051282 13
1715275927371 90.29304029304029 14
1715276117364 91.66666666666667 15
1715276307535 90.47619047619048 16
1715276501622 88.91941391941391 17
1715276692562 90.38461538461539 18
1715276887643 90.84249084249085 19
1715277082531 91.3003663003663 20
1715277273679 94.32234432234432 21
1715277465499 95.32967032967034 22
