1715273261281 1.1284490728030239 0
1715273455636 1.0767489119167746 1
1715273644930 1.0285744780171526 2
1715273837294 0.9624385877247275 3
1715274027179 0.9926811195638058 4
1715274216433 0.9457156762589504 5
1715274406550 0.9255126666848676 6
1715274596559 0.9121514019304818 7
1715274786460 0.8992240542042864 8
1715274976356 0.8925942065071886 9
1715275166781 0.8907736500684362 10
1715275356891 0.8727354916342853 11
1715275547225 0.8695421449459382 12
1715275737100 0.8655928603924103 13
1715275927357 0.8453916859452741 14
1715276117352 0.8383618571462422 15
1715276307522 0.8408001643897843 16
1715276501607 0.8557795481960269 17
1715276692549 0.8458266571490434 18
1715276887630 0.8394214349941616 19
1715277082518 0.8332994923974476 20
1715277273664 0.8091044365054499 21
1715277465486 0.797317854679414 22
