1715259215515 58.15018315018315 0
1715259559266 71.33699633699634 1
1715259906697 77.93040293040293 2
1715260253049 82.6007326007326 3
1715260600105 84.24908424908425 4
1715260944592 87.17948717948718 5
1715261286763 86.26373626373626 6
1715261631464 89.65201465201466 7
1715261976455 89.83516483516483 8
1715262321538 91.11721611721612 9
1715262663297 92.94871794871794 10
1715263007208 94.87179487179488 11
1715263346107 96.97802197802197 12
1715263690942 97.61904761904762 13
1715264031715 97.16117216117216 14
1715264369230 97.61904761904762 15
1715264704593 97.71062271062272 16
1715265047168 95.05494505494505 17
