1715259215506 1.162881992594169 0
1715259559257 1.0430075487081152 1
1715259906687 0.9751942349176337 2
1715260253039 0.9307397408206968 3
1715260600098 0.908679263435141 4
1715260944585 0.8775534660276705 5
1715261286756 0.8879692323886565 6
1715261631455 0.8603081964228275 7
1715261976446 0.8521006163889474 8
1715262321529 0.8390221234655728 9
1715262663287 0.8197673158924075 10
1715263007198 0.8022541321107071 11
1715263346098 0.7815691493723514 12
1715263690932 0.7733449426880719 13
1715264031705 0.7803543431915506 14
1715264369223 0.77366123756353 15
1715264704584 0.7713818576214088 16
1715265047161 0.7953295585882925 17
