1723026409028 1.3299034661425775 0
1723026939081 1.323257592353192 1
1723027463622 1.1343199612893464 2
1723027988772 1.1075890363354386 3
1723028514411 1.0947371275870355 4
1723029042013 1.0972164022180186 5
1723029569495 1.0795336466132504 6
1723030096549 1.0880624165028443 7
1723030624305 1.0912676368440901 8
1723031151719 1.0799329250286787 9
1723031678445 1.0800540209253193 10
1723032206558 1.0836637568124485 11
1723032735708 1.0718057332458077 12
1723033262940 1.0608324705462753 13
1723033790017 1.0695373848244385 14
1723034316499 1.0619247621232337 15
1723034843322 1.0681347405954158 16
1723035370840 1.0779661372467713 17
1723035897002 1.1205223052056281 18
1723036421009 1.1187808622807374 19
1723036942399 1.1131789946294093 20
1723037462476 1.109453755202311 21
