1723026409034 41.391941391941394 0
1723026939087 41.94139194139194 1
1723027463627 60.8974358974359 2
1723027988777 63.553113553113555 3
1723028514416 64.74358974358974 4
1723029042018 64.46886446886447 5
1723029569501 66.39194139194139 6
1723030096553 65.29304029304029 7
1723030624311 65.29304029304029 8
1723031151723 66.39194139194139 9
1723031678450 66.3003663003663 10
1723032206563 66.02564102564102 11
1723032735712 67.3076923076923 12
1723033262945 68.22344322344323 13
1723033790022 67.21611721611721 14
1723034316504 68.13186813186813 15
1723034843327 67.3992673992674 16
1723035370845 66.48351648351648 17
1723035897008 62.27106227106227 18
1723036421015 62.362637362637365 19
1723036942404 62.82051282051282 20
1723037462482 63.46153846153846 21
