1713615356812 58.15018315018315 0
1713615579647 78.57142857142857 1
1713615803042 79.3956043956044 2
1713616024681 83.33333333333333 3
1713616247166 84.52380952380952 4
1713616468831 85.8058608058608 5
1713616690868 87.27106227106228 6
1713616911691 88.64468864468864 7
1713617132898 91.20879120879121 8
1713617354519 92.67399267399267 9
1713617576559 95.23809523809524 10
1713617798817 97.06959706959707 11
1713618024038 98.26007326007326 12
1713618248078 99.35897435897436 13
1713618468796 99.08424908424908 14
1713618691736 98.44322344322345 15
1713618913545 98.99267399267399 16
1713619136346 99.26739926739927 17
1713619359830 99.08424908424908 18
1713619582173 99.45054945054945 19
1713619807749 99.26739926739927 20
1713620032438 98.80952380952381 21
1713620257515 98.80952380952381 22
1713620481436 98.71794871794872 23
