1713615356807 1.1451180150909146 0
1713615579641 0.9698878370062278 1
1713615803035 0.9540757140974059 2
1713616024674 0.9263889667761587 3
1713616247160 0.9077673654486663 4
1713616468825 0.8952538009977689 5
1713616690861 0.8764906221062597 6
1713616911685 0.8632928929189696 7
1713617132891 0.8400372584370801 8
1713617354513 0.827137812645766 9
1713617576553 0.8014048316182881 10
1713617798811 0.7809096626991773 11
1713618024032 0.7676062714444459 12
1713618248071 0.754658957467462 13
1713618468790 0.7565034040569389 14
1713618691730 0.765610996389041 15
1713618913537 0.7595638798101105 16
1713619136340 0.755889162529994 17
1713619359824 0.7589697350550743 18
1713619582166 0.7567156166055776 19
1713619807743 0.754231663515968 20
1713620032431 0.7603704111419455 21
1713620257509 0.7603702566919536 22
1713620481429 0.759270970403713 23
