1714935204123 1.068751912917534 0
1714935393089 0.9493795920462504 1
1714935579402 0.916728258568005 2
1714935767742 0.8934773010929136 3
1714935956015 0.8791835194956648 4
1714936145222 0.875880495040086 5
1714936333683 0.8686812224179289 6
1714936519148 0.8533262323289021 7
1714936704973 0.8495926739525621 8
1714936892875 0.8411388327605533 9
1714937084534 0.8214332187262765 10
1714937279247 0.8279017457996842 11
1714937469388 0.8093398635404824 12
1714937661733 0.7938071911352395 13
1714937845271 0.8045496566452249 14
