1714935204125 68.04029304029304 0
1714935393094 79.3956043956044 1
1714935579407 82.78388278388279 2
1714935767747 85.34798534798534 3
1714935956019 86.08058608058609 4
1714936145225 86.81318681318682 5
1714936333689 87.27106227106228 6
1714936519154 88.73626373626374 7
1714936704978 89.1941391941392 8
1714936892878 90.29304029304029 9
1714937084539 92.58241758241758 10
1714937279252 91.84981684981685 11
1714937469392 94.87179487179488 12
1714937661737 95.78754578754578 13
1714937845276 94.50549450549451 14
