1723401074172 0.001 0
1723401350534 0.001 1
1723401626843 0.001 2
1723401901929 0.001 3
1723402176343 0.001 4
1723402450122 0.001 5
1723402724804 0.001 6
1723402998598 0.001 7
1723403273006 0.001 8
1723403547353 0.001 9
1723403821108 0.001 10
1723404094879 0.001 11
1723404368782 0.001 12
1723404643722 0.001 13
1723404919235 0.001 14
1723405193272 0.001 15
1723405468293 0.001 16
1723405743279 0.001 17
1723406018281 0.001 18
1723406292499 0.001 19
1723406566792 1e-05 20
1723406840834 1e-05 21
1723407114753 1e-05 22
