1723401074179 1.0282043770992713 0
1723401350541 0.9466934583999298 1
1723401626849 0.9259279593006595 2
1723401901936 0.8864733415208893 3
1723402176350 0.9213501452962994 4
1723402450133 0.8777539064159323 5
1723402724810 0.8595239044109106 6
1723402998606 0.8834987236903264 7
1723403273014 0.8562949747392983 8
1723403547359 0.8537788135664803 9
1723403821115 0.8507678591724717 10
1723404094885 0.8435750016362675 11
1723404368788 0.843160371422331 12
1723404643729 0.8392207218613816 13
1723404919242 0.8326277988297599 14
1723405193286 0.8277375285442059 15
1723405468300 0.827295876247979 16
1723405743285 0.8271995193355686 17
1723406018288 0.8378639799771291 18
1723406292509 0.8695926648793203 19
1723406566799 0.8727742536164029 20
1723406840841 0.8409073199981298 21
1723407114762 0.8327605999433078 22
