1723401074181 73.53479853479854 0
1723401350543 80.67765567765568 1
1723401626851 81.86813186813187 2
1723401901938 86.81318681318682 3
1723402176352 82.78388278388279 4
1723402450135 87.08791208791209 5
1723402724812 88.82783882783883 6
1723402998608 86.26373626373626 7
1723403273016 89.01098901098901 8
1723403547361 89.1941391941392 9
1723403821117 89.46886446886447 10
1723404094887 90.2014652014652 11
1723404368790 90.29304029304029 12
1723404643731 90.56776556776556 13
1723404919244 91.3003663003663 14
1723405193288 91.66666666666667 15
1723405468302 91.66666666666667 16
1723405743287 91.66666666666667 17
1723406018289 90.75091575091575 18
1723406292511 87.36263736263736 19
1723406566801 86.81318681318682 20
1723406840842 90.56776556776556 21
1723407114764 91.11721611721612 22
