1722129100084 64.74358974358974 0
1722129421627 73.62637362637362 1
1722129744319 74.17582417582418 2
1722130067023 79.12087912087912 3
1722130389936 81.13553113553114 4
1722130712415 83.97435897435898 5
1722131036347 83.60805860805861 6
1722131359932 85.98901098901099 7
1722131681717 89.56043956043956 8
1722132002600 90.38461538461539 9
1722132323343 88.64468864468864 10
1722132641263 89.28571428571429 11
1722132960616 89.83516483516483 12
1722133279869 90.38461538461539 13
1722133599208 91.11721611721612 14
1722133918422 91.84981684981685 15
1722134239894 92.21611721611721 16
1722134560329 94.87179487179488 17
1722134881018 95.78754578754578 18
1722135200980 95.87912087912088 19
1722135520925 95.51282051282051 20
