1722129100083 1.0956502506584476 0
1722129421626 1.0205752506797567 1
1722129744318 1.0071081392494314 2
1722130067022 0.9630918983138088 3
1722130389936 0.9321057658929092 4
1722130712414 0.9073190682536953 5
1722131036346 0.9062758175444691 6
1722131359932 0.8906024085296379 7
1722131681716 0.8603484602201552 8
1722132002599 0.8456630023407848 9
1722132323342 0.859711882395622 10
1722132641263 0.8515209821990994 11
1722132960616 0.8466983950618423 12
1722133279869 0.8396502097884377 13
1722133599208 0.828398082937513 14
1722133918421 0.8295126681799417 15
1722134239893 0.821605112963107 16
1722134560329 0.7991462164309435 17
1722134881017 0.796184548091539 18
1722135200980 0.7927478820413023 19
1722135520924 0.7949076781779418 20
