1722142405846 0.001 0
1722142989901 0.001 1
1722143574556 0.001 2
1722144158095 0.001 3
1722144743107 0.001 4
1722145328838 0.001 5
1722145916714 0.001 6
1722146504533 0.001 7
1722147093823 0.001 8
1722147686496 0.001 9
1722148275131 0.001 10
1722148866833 0.001 11
1722149454563 0.001 12
1722150040149 0.001 13
1722150628849 0.001 14
1722151217489 0.001 15
1722151804771 0.001 16
1722152394485 0.001 17
1722152984806 0.001 18
1722153576290 0.001 19
1722154172362 0.001 20
1722154771882 0.001 21
1722155373579 0.001 22
1722155977355 0.001 23
1722156580488 1e-05 24
1722157183842 1e-05 25
1722157789752 1e-05 26
1722158394200 1e-05 27
1722158996805 1e-05 28
