1722142405857 61.446886446886445 0
1722142989914 64.56043956043956 1
1722143574566 67.67399267399267 2
1722144158109 70.14652014652015 3
1722144743119 72.52747252747253 4
1722145328849 76.73992673992674 5
1722145916725 77.65567765567765 6
1722146504544 77.38095238095238 7
1722147093834 81.31868131868131 8
1722147686507 83.33333333333333 9
1722148275142 84.15750915750915 10
1722148866844 84.52380952380952 11
1722149454574 85.8058608058608 12
1722150040163 87.17948717948718 13
1722150628859 88.18681318681318 14
1722151217501 89.1941391941392 15
1722151804782 90.75091575091575 16
1722152394496 90.75091575091575 17
1722152984815 92.12454212454213 18
1722153576301 92.03296703296704 19
1722154172375 92.76556776556777 20
1722154771894 93.77289377289377 21
1722155373592 93.13186813186813 22
1722155977368 93.68131868131869 23
1722156580500 95.42124542124542 24
1722157183853 97.98534798534799 25
1722157789763 98.07692307692308 26
1722158394212 97.8021978021978 27
1722158996817 98.07692307692308 28
