1722142405856 1.1197404662768047 0
1722142989913 1.0902765709838587 1
1722143574566 1.055437031464699 2
1722144158107 1.0370394166135963 3
1722144743118 1.0148274180216668 4
1722145328848 0.9812775922345591 5
1722145916724 0.9635597163940961 6
1722146504543 0.9630166794354226 7
1722147093833 0.9326770561082023 8
1722147686507 0.9187049538224608 9
1722148275141 0.909943333693913 10
1722148866843 0.8981971349908319 11
1722149454573 0.8907963943568779 12
1722150040162 0.8765285759618431 13
1722150628859 0.8638352780115037 14
1722151217500 0.8586799465256296 15
1722151804781 0.8379308304070553 16
1722152394495 0.8411619475472978 17
1722152984814 0.8290685546267164 18
1722153576300 0.8251825392027914 19
1722154172372 0.8164849366460528 20
1722154771893 0.8117726779246068 21
1722155373591 0.8158037922321222 22
1722155977367 0.809846743559226 23
1722156580499 0.796871359313364 24
1722157183852 0.7732494480007297 25
1722157789763 0.7719482936701931 26
1722158394212 0.7717863257988032 27
1722158996816 0.7701363495854667 28
