1713663463540 53.38827838827839 0
1713663850457 63.553113553113555 1
1713664232499 74.63369963369964 2
1713664608376 78.66300366300366 3
1713664985183 80.03663003663004 4
1713665354833 84.7985347985348 5
1713665730084 86.63003663003663 6
1713666105666 87.72893772893772 7
1713666481328 90.93406593406593 8
1713666863608 92.85714285714286 9
1713667239155 94.04761904761905 10
1713667614683 91.84981684981685 11
1713667993630 93.77289377289377 12
1713668370270 92.76556776556777 13
1713668745352 93.4065934065934 14
1713669124630 96.42857142857143 15
1713669499990 96.33699633699634 16
1713669877533 97.61904761904762 17
1713670245577 96.33699633699634 18
1713670614514 95.78754578754578 19
1713670989406 95.6043956043956 20
