1713663463535 1.1898952226569182 0
1713663850451 1.1043758427139616 1
1713664232492 1.0027218073824027 2
1713664608369 0.953530457768127 3
1713664985177 0.9519335192485447 4
1713665354826 0.8986345298968963 5
1713665730077 0.8795921062901072 6
1713666105660 0.8710964744108437 7
1713666481321 0.8378276411634292 8
1713666863600 0.8214826344573585 9
1713667239148 0.8067038585669803 10
1713667614676 0.8296752981025807 11
1713667993622 0.8099729048944738 12
1713668370265 0.8134970564911835 13
1713668745345 0.8112946261454673 14
1713669124624 0.7851191110854602 15
1713669499982 0.7825721519706893 16
1713669877526 0.7697988370039167 17
1713670245571 0.7812524738102934 18
1713670614508 0.7894776137205806 19
1713670989399 0.7904351497218557 20
