1717385255706 60.8974358974359 0
1717385579135 67.58241758241758 1
1717385894416 73.16849816849818 2
1717386206715 74.81684981684981 3
1717386516794 77.38095238095238 4
1717386829249 78.3882783882784 5
1717387141228 80.40293040293041 6
1717387453471 79.3040293040293 7
1717387762694 80.58608058608058 8
1717388071219 85.25641025641026 9
1717388380369 85.62271062271063 10
1717388689612 87.27106227106228 11
1717388998754 87.63736263736264 12
1717389308191 86.63003663003663 13
1717389615934 89.83516483516483 14
1717389925776 91.84981684981685 15
1717390235179 93.22344322344323 16
1717390543687 92.94871794871794 17
1717390853428 93.58974358974359 18
