1717385255705 1.1113524697992923 0
1717385579134 1.0442393696221122 1
1717385894415 1.0075797973758114 2
1717386206714 0.9922735421326909 3
1717386516793 0.9700980538869426 4
1717386829249 0.9585858109223582 5
1717387141227 0.9408335233256765 6
1717387453470 0.9434435063034948 7
1717387762693 0.9313680486087381 8
1717388071219 0.9020679432110195 9
1717388380368 0.8939931692868254 10
1717388689611 0.8804639351628992 11
1717388998753 0.8733655866915292 12
1717389308190 0.8783938954346371 13
1717389615933 0.8513455504048479 14
1717389925775 0.8358685008800812 15
1717390235178 0.828055615407707 16
1717390543686 0.8264384713486164 17
1717390853427 0.8225906660957057 18
