1717328481121 0.001 0
1717328791607 0.001 1
1717329103293 0.001 2
1717329411952 0.001 3
1717329719646 0.001 4
1717330029081 0.001 5
1717330339827 0.001 6
1717330647028 0.001 7
1717330953755 0.001 8
1717331257174 0.001 9
1717331562097 0.001 10
1717331873900 0.001 11
1717332179356 0.001 12
1717332483319 0.001 13
1717332787103 0.001 14
1717333091554 0.001 15
1717333396829 0.001 16
1717333700673 0.001 17
1717334006567 0.001 18
1717334310071 0.001 19
1717334615151 0.001 20
1717334922895 0.001 21
1717335229787 0.001 22
1717335536505 0.001 23
1717335841371 0.001 24
1717336146423 0.001 25
1717336448780 0.001 26
1717336756809 1e-05 27
1717337063719 1e-05 28
1717337369953 1e-05 29
1717337677620 1e-05 30
1717337986065 1e-05 31
