1717328481124 1.1724720762593903 0
1717328791612 1.243159480338549 1
1717329103298 1.2377703581413213 2
1717329411957 1.1989392381514945 3
1717329719651 1.0700929961065306 4
1717330029085 1.0177230373786315 5
1717330339833 0.983757903976162 6
1717330647032 0.9388876596506495 7
1717330953761 0.9192415689029833 8
1717331257179 0.9147821194934149 9
1717331562102 0.8956991068638154 10
1717331873905 0.8783423757031016 11
1717332179361 0.8942524203418816 12
1717332483324 0.9031503148322558 13
1717332787108 0.8819338496584092 14
1717333091558 0.8836136512512708 15
1717333396833 0.880486886431701 16
1717333700679 0.8722631661561284 17
1717334006573 0.8597932966956257 18
1717334310077 0.8874113289979253 19
1717334615156 0.8707049998053669 20
1717334922901 0.8579783561455943 21
1717335229791 0.8600460786889069 22
1717335536510 0.8562924787945991 23
1717335841378 0.8465098260092909 24
1717336146426 0.849038706643738 25
1717336448786 0.8491080285858934 26
1717336756814 0.8449043627202946 27
1717337063725 0.8403617774483061 28
1717337369959 0.8338199122978823 29
1717337677625 0.828347328370505 30
1717337986070 0.8176364502767577 31
