1717328481125 57.142857142857146 0
1717328791613 50.091575091575095 1
1717329103299 50.45787545787546 2
1717329411958 54.21245421245421 3
1717329719651 67.12454212454213 4
1717330029086 72.34432234432235 5
1717330339833 75.54945054945055 6
1717330647032 80.31135531135531 7
1717330953761 83.15018315018315 8
1717331257180 83.05860805860806 9
1717331562103 84.98168498168498 10
1717331873906 86.81318681318682 11
1717332179362 84.70695970695971 12
1717332483324 83.79120879120879 13
1717332787109 86.35531135531136 14
1717333091558 86.08058608058609 15
1717333396834 86.81318681318682 16
1717333700680 86.99633699633699 17
1717334006574 88.36996336996337 18
1717334310078 85.8974358974359 19
1717334615157 87.45421245421245 20
1717334922902 88.91941391941391 21
1717335229791 88.55311355311355 22
1717335536511 89.1025641025641 23
1717335841378 89.46886446886447 24
1717336146426 89.74358974358974 25
1717336448786 89.46886446886447 26
1717336756815 90.01831501831502 27
1717337063726 90.38461538461539 28
1717337369959 90.93406593406593 29
1717337677626 91.3003663003663 30
1717337986071 92.3992673992674 31
