1715538263592 1.1147016830687975 0
1715538505598 1.046980754302366 1
1715538749553 0.9820693365848847 2
1715538997817 0.9590154459876735 3
1715539245496 0.9383790562622738 4
1715539490222 0.9293693569454834 5
1715539738599 0.9112899890781319 6
1715539984988 0.8883597145985512 7
1715540230410 0.8856386633685035 8
1715540476368 0.8913647358434914 9
1715540711152 0.8818127721765615 10
1715540952462 0.8656329277658115 11
1715541192696 0.8660340744213466 12
1715541434219 0.8599482339664097 13
1715541676738 0.8493569754336002 14
1715541919582 0.839527925435644 15
1715542164143 0.8208747484388143 16
1715542396279 0.8189957681363517 17
1715542629320 0.8160126204908329 18
1715542864263 0.8139352785409802 19
