1715538263592 61.446886446886445 0
1715538505599 69.68864468864469 1
1715538749553 76.92307692307692 2
1715538997817 78.93772893772893 3
1715539245496 81.68498168498168 4
1715539490223 81.77655677655677 5
1715539738599 83.88278388278388 6
1715539984989 86.17216117216117 7
1715540230411 86.44688644688645 8
1715540476369 85.8058608058608 9
1715540711152 86.44688644688645 10
1715540952463 88.55311355311355 11
1715541192696 88.55311355311355 12
1715541434220 88.82783882783883 13
1715541676739 90.38461538461539 14
1715541919583 91.3003663003663 15
1715542164144 93.4065934065934 16
1715542396280 93.13186813186813 17
1715542629321 93.86446886446886 18
1715542864263 94.04761904761905 19
