1717360686083 0.001 0
1717360931268 0.001 1
1717361176781 0.001 2
1717361421496 0.001 3
1717361667799 0.001 4
1717361914200 0.001 5
1717362161201 0.001 6
1717362408591 0.001 7
1717362656096 0.001 8
1717362903650 0.001 9
1717363151305 0.001 10
1717363398067 0.001 11
1717363643902 1e-05 12
1717363892988 1e-05 13
1717364145040 1e-05 14
1717364394083 1e-05 15
1717364642094 1e-05 16
1717364890078 1e-05 17
1717365138481 1e-05 18
1717365386837 1e-05 19
1717365635412 1.0000000000000001e-07 20
1717365883914 1.0000000000000001e-07 21
1717366131556 1.0000000000000001e-07 22
