1717360686088 56.227106227106226 0
1717360931271 68.4981684981685 1
1717361176786 75.45787545787546 2
1717361421502 76.37362637362638 3
1717361667807 82.78388278388279 4
1717361914206 83.51648351648352 5
1717362161208 87.63736263736264 6
1717362408598 88.18681318681318 7
1717362656103 89.1025641025641 8
1717362903656 91.3003663003663 9
1717363151313 92.3992673992674 10
1717363398072 94.23076923076923 11
1717363643909 95.97069597069597 12
1717363892994 97.25274725274726 13
1717364145048 97.06959706959707 14
1717364394090 97.8021978021978 15
1717364642101 97.61904761904762 16
1717364890084 97.8021978021978 17
1717365138487 98.35164835164835 18
1717365386844 98.35164835164835 19
1717365635419 98.35164835164835 20
1717365883920 98.26007326007326 21
1717366131562 98.26007326007326 22
