1717360686087 1.1825901091533855 0
1717360931271 1.0683525265568363 1
1717361176786 0.9953489294887459 2
1717361421502 0.9891811156794973 3
1717361667806 0.9165972397275215 4
1717361914205 0.918237990271436 5
1717362161208 0.8759435167277816 6
1717362408597 0.8647255984536053 7
1717362656103 0.8532382841527897 8
1717362903656 0.8387601140641818 9
1717363151312 0.8273583968190381 10
1717363398071 0.8092961024193868 11
1717363643908 0.7940608802503043 12
1717363892994 0.7761351205136654 13
1717364145047 0.7774852757906392 14
1717364394090 0.7716480702379324 15
1717364642101 0.7732727597229672 16
1717364890084 0.7707794147686367 17
1717365138486 0.7676242951058994 18
1717365386844 0.7671218927759323 19
1717365635419 0.76727759577062 20
1717365883919 0.7668322990410519 21
1717366131562 0.7653107886766866 22
