1722255564213 1.038906338450673 0
1722255989963 0.9580950077636775 1
1722256400489 0.9096205985589778 2
1722256818639 0.8842344637755509 3
1722257233357 0.8653629909068237 4
1722257643426 0.9149730480634249 5
1722258069506 0.8789930393844297 6
1722258473715 0.8645260916961418 7
1722258876222 0.8508920671738984 8
1722259284417 0.8570661802431603 9
1722259694506 0.8578111125436021 10
1722260105367 0.8708329288077442 11
1722260517654 0.8554195499682165 12
1722260923373 0.8641178398341923 13
1722261317611 0.8652344258713635 14
1722261696676 0.8531026215780348 15
1722262049652 0.8446542424160045 16
1722262448957 0.8457059209600036 17
