1722255564222 71.15384615384616 0
1722255989967 78.84615384615384 1
1722256400492 84.7985347985348 2
1722256818643 86.44688644688645 3
1722257233362 88.0952380952381 4
1722257643430 82.87545787545787 5
1722258069509 86.81318681318682 6
1722258473719 88.0952380952381 7
1722258876225 89.65201465201466 8
1722259284421 88.73626373626374 9
1722259694510 88.73626373626374 10
1722260105371 87.54578754578755 11
1722260517658 89.1941391941392 12
1722260923379 88.00366300366301 13
1722261317616 88.27838827838828 14
1722261696680 89.37728937728937 15
1722262049656 90.01831501831502 16
1722262448962 89.65201465201466 17
