1717345975035 53.11355311355312 0
1717346320695 64.92673992673993 1
1717346652087 75.91575091575092 2
1717346983719 82.78388278388279 3
1717347316497 85.34798534798534 4
1717347651080 87.08791208791209 5
1717347985513 87.45421245421245 6
1717348320451 90.2014652014652 7
1717348654177 93.31501831501832 8
1717348987652 94.59706959706959 9
1717349320160 96.42857142857143 10
1717349656909 98.26007326007326 11
1717349990101 98.16849816849818 12
1717350323271 99.26739926739927 13
1717350657376 99.17582417582418 14
1717350991301 99.54212454212454 15
1717351325879 99.54212454212454 16
1717351662818 99.54212454212454 17
1717351999353 99.63369963369964 18
