1717345975034 1.1804076041618403 0
1717346320694 1.0900773144986509 1
1717346652086 0.9929318810901503 2
1717346983718 0.9299053232165149 3
1717347316496 0.905011857948164 4
1717347651080 0.8856217321688241 5
1717347985512 0.8734577119785504 6
1717348320450 0.8515809256665028 7
1717348654177 0.8208432697901761 8
1717348987652 0.8055842014124793 9
1717349320159 0.7837921363593888 10
1717349656909 0.7668507264478364 11
1717349990101 0.7681957135235307 12
1717350323271 0.7560104788654912 13
1717350657376 0.7552826878798269 14
1717350991301 0.7516164866677166 15
1717351325879 0.7509794926991428 16
1717351662818 0.7505805074733539 17
1717351999353 0.7497580312464359 18
