1718905311295 1.2452039521037441 0
1718906323326 1.2477438005553934 1
1718907334535 1.2400458364477962 2
1718908345341 1.2542977906190431 3
1718909355878 1.234340828089487 4
1718910365961 1.2322943328501104 5
1718911374946 1.2323640208322924 6
1718912384863 1.2326101069048647 7
1718913394636 1.2536905838019683 8
1718914404860 1.243667768908071 9
1718915413852 1.2436651853851346 10
1718916422489 1.2300786601973104 11
1718917433377 1.2527935753811847 12
1718918443066 1.2436632967038905 13
1718919451858 1.2425113811597719 14
1718920459832 1.2427458212925837 15
1718921479716 1.242923358530352 16
1718922505438 1.2418016714927478 17
