1718905311296 49.81684981684982 0
1718906323327 49.35897435897436 1
1718907334536 50.366300366300365 2
1718908345342 48.9010989010989 3
1718909355879 50.91575091575091 4
1718910365962 51.0989010989011 5
1718911374947 51.00732600732601 6
1718912384864 51.0989010989011 7
1718913394636 48.99267399267399 8
1718914404861 50.0 9
1718915413853 50.0 10
1718916422489 51.37362637362637 11
1718917433378 49.08424908424909 12
1718918443067 50.0 13
1718919451859 50.091575091575095 14
1718920459833 50.091575091575095 15
1718921479717 50.091575091575095 16
1718922505439 50.18315018315018 17
